5724.1
5724.1
5710.3
5710.7
5727.8
5697.8
5687.3
5688.5
5703.1
5696.9
5695
5689.6
5684.7
5672.6
5637.6
5627.5
5641.1
5670
5656
5657.8
5658.9
5663.3
5679.1
5679.1
5670
5679.4
5661
5672.1
5662.3
5669.4
5654.3
5652.4
5634.9
5645.1
5656.2
5647.8
5651.3
5654.9
5665.8
5656.2
5667.4
5647
5652.5
5651.7
5648.3
5662.5
5657.4
5658.8
5666
5661.6
5652.2
5656
5645
5651.9
5645.5
5642.5
5650.6
5641.1
5627.9
5626.3
5615.3
5620.1
5618.3
5614.8
5619.4
5625.1
5674
5692.4
5687.2
5685.2
5693.6
5695.8
5698.1
5693.3
5707.3
5700
5696.8
5696.2
5691.5
5692.6
5688.1
5698
5688.7
5689.4
5697.2
5713
5715
5723.9
5721.1
5684.7
5693.5
5693.3
5711.2
5725.1
5720.1
5712.9
5712.9
5705.3
5709.4
5709
5711.9
5724.5
5717.1
5716.9
5703.6
5700.9
5694.9
5701
5695.2
5692.7
5694
5696
5712.4
5708.3
5709.6
5712.1
5716
5709.7
5707
5704.1
5710
5713
5717.5
5712.8
5705.9
5701.2
5694.1
5694.1
5694
5680.8
5685.1
5694
5688.4
5694.9
5695
5694.5
5695.7
5694.3
5695.1
5697.1
5693.1
5682.2
5673
5669
5659
5670.5
5677.6
5687.6
5684
5676
5681
5695.3
5689.5
5697.4
5698.4
5693.7
5691.4
5693
5687.9
5696.7
5717
5708.7
5700
5701.3
5702.1
5691.5
5696
5696
5695.1
5690.2
5688.7
5686.1
5686.2
5664.5
5652.7
5668.7
5674.2
5676.2
5667.5
5669.7
5667.9
5667.4
5678.7
5670.1
5674.1
5675
5661.1
5646
5634.9
5626.4
5628.4
5627.3
5622
5613.9
5635.3
5631.3
5634.8
5640
5650
5649.6
5656
5654.5
5640.3
5647.3
5645.7
5644.9
5646
5664.2
5674.5
5665.6
5662.9
5655.8
5651.5
5635.9
5639.9
5640.9
5648.5
5647.8
5636.7
5643.4
5639.2
5630
5638.1
5634.9
5642.1
5643.4
5628
5625.3
5639.9
5640.1
5648.4
5643.4
5647.5
5649.8
5649.9
5660.6
5667.2
5664.2
5662.9
5660.1
5655.1
5664.9
5669.6
5666.1
5653.1
5656.8
5656.6
5664.7
5660
5663
5661.8
5646.8
5647.6
5644.4
5647.1
5647
5649.9
5651.5
5645.4
5649.1
5643.9
5641.5
5642.4
5646
5646
5642.1
5640
5648
5646.5
5652.9
5650.6
5652.6
5651.9
5673
5684.5
5681
5691.3
5698.9
5721.3
5704.6
5713.3
5741
5766.6
5795
5834.9
5890.6
5879.4
5970.5
5965
5961.3
5985
6003.9
6022.9
6009.4
5982.2
6020.3
6007.1
6005
6015.2
5981.8
5930
5960
5957
5960
5985
5982.4
5979
5974.6
5987.9
5993.8
6006
6008.7
5990.8
5978.5
5980.5
5933.1
5942.1
5966
5965.9
5955.6
5961.1
5946
5946
5955
5955
5987.3
5978.3
6005.1
5985
5997.7
6005
5981.8
5981.7
5981.2
5976.5
5982.8
5983
5985.2
5990.1
5991.6
5988.9
5989.1
5990
6001.3
6010.8
6017
6024.5
6018.2
6020
6080.4
6052
6050.2
6016.4
6022
6052.7
6021.9
6049.3
6024.3
5975.8
5997.6
5952.9
5984.5
5990
5992.9
5990.7
5970.2
5954.2
5937.2
5942
5942.8
5957.7
5964.7
5955.5
5959.2
5962.6
5950.3
5948.2
5988
5986.1
5983.6
5979.1
5982.7
5980.9
5969.1
5972.9
5987.6
5982
5996.9
5986.9
5990.8
5991.8
5991
5994
6008.5
6012.7
6000.2
6002
5985
5982.5
5960.1
5977
5976.9
5960.3
5952.9
5945.5
5946
5945.5
5946.9
5958.4
5957.5
5951.2
5969.6
6017.2
5999.1
6000.7
6029.2
6040
6084.9
6060.5
6062.4
6046.4
6049
6061.2
6081.9
6075
6089.7
6065.3
6063.9
6082.9
6072.7
6085.7
6075
6066
6071.9
6072.7
6071.6
6080.7
6083.2
6090
6089.4
6105.5
6116
6095.6
6096.9
6104.3
6110
6120.1
6123
6129
6143.9
6144.9
6116.1
6080.8
6082.8
6062.8
6040
6054.5
6057.4
6066.7
6039.5
6034
6040
6042.1
6061
6067.8
6080.6
6069.8
6079.5
6079.5
6071
6089.2
6105.3
6089.5
6074.4
6080
6048.4
6059.7
6057.1
6070
6074
6066
6071.1
6078.7
6083.5
6091.8
6084
6083
6100
6093.6
6100
6117.9
6118.8
6098.3
6092
6053.8
6050.1
6058
6055.3
6057.1
6069
6079.3
6076.5
6090.4
6085.3
6080
6066
6073.1
6062.9
6068
6080.1
6076.2
6082.5
6080.8
6075.1
6078.3
6078.6
6080.3
6080
6103.4
6095
6107
6105.1
6091.7
6080.7
6087.5
6118.1
6124.5
6094.1
6105
6108.2
6096
6098.9
6106.8
6115.7
6112.8
6112.7
6108.4
6123.7
6130.4
6118.9
6111.2
6144.9
6147
6133.7
6128.3
6129.9
6129.6
6110
6108
6094.9
6087.6
6082.3
6091.3
6105
6106.7
6100.9
6090.7
6105
6100
6110.8
6108.7
6109.5
6102.9
6100
6105.3
6111
6134.9
6122.8
6139.1
6164.1
6185.9
6154.6
6171.8
6151.1
6157.7
6128
6122.1
6127.1
6136
6136.1
6143
6135.7
6135
6156.9
6158.7
6166.6
6146.8
6148.7
6139.8
6142.8
6144.8
6143.1
6159.5
6152.2
6152.2
6150.5
6152.9
6137.7
6121
6132.4
6112.1
6105.5
5964.6
6022.8
6011.4
5983.7
5886.6
5952.8
5960.9
5991.1
5994.6
6018.7
5972.7
6013
5960
6003.9
5979.1
6001.9
5990
6021.3
6032.3
6026
6024.4
6059.3
6046.3
6039.7
6037.3
6019.3
6032.7
6038
6030.1
6038.9
6047
6040.1
6044.2
6031.5
6020
6043.9
6043
6060
6105
6093
6108.4
6095.5
6066.9
6089.9
6095
6088
6087
6093.2
6105
6106.3
6091.5
6087.3
6093.6
6092.6
6078.7
6075.3
6077
6055
6036.4
6042.6
6041.2
6042.2
6041
6060
6060
6047.7
6058.9
6070.1
6075
6064.6
6076.3
6066.7
6050
6062.2
6000.4
6010
6012.2
6016.2
6017.3
6021.9
6017.2
6005
6004.4
6020.1
6020.1
6021.8
6011.5
6017.1
6015.2
6014.9
6018.3
6020
6010
6062.9
6063.8
6054
6045.5
6054.4
6048.2
6039.5
6040.6
6038.7
6045.4
6040.1
6041.6
6036.5
6023.7
6024.3
5975
5967.6
5963.6
5955
5944.7
5954.4
5990.6
5975.5
5967.1
5936
5937
5929.9
5936.8
5928.1
5948.9
5947.5
5938
5941.7
5936.5
5931.7
5927.9
5938.7
5935.4
5920.9
5852.2
5840.3
5805.2
5845
5856
5855.5
5849
5847.4
5830
5791.8
5805
5780.8
5792
5814.1
5828.8
5841.2
5876
5865
5862
5869.8
5881.1
5857
5847.3
5833.7
5805.5
5795.2
5779
5803.3
5834.4
5830
5836.3
5820
5837.9
5860
5866
5870
5879
5905
5891.9
5893.8
5897.4
5895
5923.5
5917
5899
5919.4
5909.9
5891
5900.7
5894.7
5887
5875
5882.4
5907.5
5897.6
5909.3
5893.8
5916.4
5917.8
5912.5
5883.9
5884.3
5882.8
5873.6
5872.9
5889
5888.4
5881.1
5860.6
5822.6
5780
5815.9
5815.3
5803.3
5820.1
5837.3
5827.8
5848.2
5818.3
5813.6
5821.7
5786.9
5777
5778.4
5739.2
5725.2
5730
5753
5774.9
5791.6
5796.5
5787.6
5795.8
5806.9
5811
5785
5797.5
5780.6
5770.8
5810
5811.8
5827.6
5850
5870.5
5857.4
5874.3
5865.9
5871.6
5856.4
5854.4
5829.3
5837.9
5830
5841.1
5855.8
5860.5
5842.6
5847.9
5853.9
5858.2
5845.4
5853.4
5880.6
5916.8
5907.3
5950
5948
5964.9
5965.9
5977.1
5972
5955
5951
5950.6
5965.9
5959.3
5960
5980.9
6013.9
6007.4
5992.2
5996.6
5996.6
5969.8
5960.8
5968.3
5956.9
5969.1
5970.7
5982.3
5972.4
5949.9
5939
5937
5950
5946.3
5946.3
5931.3
5933.5
5948
5940.7
5960
5970
5976.2
5987
5979.2
5958.9
5961.4
5959.5
5951.4
5939.5
5940
5948.4
5924.9
5930
5947.9
5934.5
5898.1
5870.4
5879.5
5909
5895.3
5896.1
5862
5874.9
5832.6
5858.5
5849
5840.7
5840
5874.1
5885.2
5898.2
5910
5900.8
5894.2
5891.7
5892.5
5909.9
5893.8
5866.8
5860
5825.8
5856.9
5856
5865
5865
5873.1
5877.5
5877.4
5877.6
5880
5881.7
5890.1
5886.4
5888.2
5947
5962.2
5968.9
5948.8
5930.5
5939
5962.8
5955.8
5933.8
5905.8
5910
5929.6
5947
5949.8
5960.7
5984.9
5983.1
6009.7
5977.8
6001.4
5988
5985.8
5981.4
5980.3
5951.8
5946.4
5957.7
5950.6
5930.1
5938.8
5949.9
5955
5950
5959
5963.8
5963.6
5945.8
5950
5956
5953.5
5959.3
5994.3
6000
6010.5
5995.2
6001.4
5997
6005
6009.9
5998.8
5986.1
5973
5973.5
5969
5988.7
5983.4
5969.3
5977.4
5967.1
5955.8
5965.4
5959.1
5940
5946.1
5940.2
5949.8
5972.9
5970.4
5960.5
5959.4
5963.2
5976.8
5961.1
5954.3
5948.9
5958.8
5950.4
5967.9
5963.7
5970.5
5975.6
5995.1
5987.2
5994
5993.8
6046.8
6029.4
6044.8
6042.1
6043.5
6034.5
6029
6018.2
5923
5941.1
5916.7
5910.6
5912
5926
5929.5
5919.8
5908.4
5875.1
5904.9
5903.2
5881.4
5845
5867.6
5889.9
5881.4
5864.3
5887.3
5908.2
5910
5932.1
5908
5900.6
5876
5877
5888.8
5859.6
5861.3
5786.4
5787.7
5796.7
5829.7
5821.8
5824.2
5822
5813.3
5795.5
5764.8
5788.1
5775.6
5814
5808.3
5818.9
5808
5812
5800.1
5805
5817.9
5865
5871.7
5873.9
5864.9
5848.2
5860
5842.2
5863.2
5852.4
5855.8
5874
5878.8
5865.5
5873.8
5849.3
5859
5895
5890.4
5904.1
5900
5902.2
5883
5883
5879.9
5878.3
5854.5
5843
5823.6
5821.7
5843.3
5808.1
5760
5722.6
5784.3
5780
5772.2
5772.2
5773.8
5771.9
5749.3
5698
5704.8
5660
5660
5660
5660
5720.1
5668.6
5725.1
5736.9
5714.9
5706.7
5711.7
5729.8
5739.4
5739.9
5745.9
5686.5
5660
5689
5706.8
5682.1
5693.8
5688.9
5720.7
5710.3
5724.9
5764.4
5782
5789.2
5791.3
5769.6
5782
5727
5749.1
5717.2
5738
5761.2
5769
5761.9
5762.9
5751.9
5820
5827.3
5823.2
5843
5845.9
5862.9
5815
5848.9
5834.9
5836.7
5839.5
5840
5835.3
5842.9
5847.5
5859.5
5853.1
5840.4
5820
5835.6
5803
5789.8
5807.3
5800
5824
5797.5
5807
5810.7
5807
5820.9
5816.9
5855.7
5849.1
5870
5874
5885.7
5976.3
5925.4
5945.7
5934.8
5968
5965.2
5988.7
5984
5951.5
5933.3
5935
5938.7
5941.6
5898.9
5915.1
5937.4
5926.3
5909.1
5915
5900.1
5900.1
5890
5861.2
5872
5864.4
5891.5
5885.9
5880.1
5842.5
5837.2
5850.5
5920.6
5885
5896.5
5855.5
5813.1
5828.5
5850.5
5884.6
5890.1
5866.5
5847.9
5870
5890
5902.9
5923
5928
5893.6
5917.7
5897.1
5895
5870.7
5863.8
5868.8
5770
5794.9
5781
5735.3
5773
5770.1
5767.8
5779
5770
5784.9
5804.4
5834.7
5670
5614
5695
5637.7
5636.4
5668.1
5684.4
5656.5
5650
5658.9
5626
5545.3
5570.1
5585.3
5597.7
5585.3
5664.3
5628.9
5617.9
5617.7
5620.1
5632.1
5640.6
5671.3
5680
5676.5
5684
5655.8
5630.8
5648.2
5625.9
5637
5629.4
5636.8
5630
5620
5638.7
5663.4
5633.7
5645.1
5630.9
5599.5
5583
5605.3
5639.8
5645.4
5635.1
5649.2
5622
5682.2
5668.2
5683.4
5674.1
5686
5699
5708.3
5743
5735.6
5730
5750.3
5765.1
5763.2
5737.7
5770
5757.8
5745
5706.3
5697.2
5711
5713
5709
5709.7
5692.7
5689.7
5699
5718.9
5726.9
5740.7
5729.2
5726.7
5739.9
5756.2
5750.8
5728.1
5692.1
5713.9
5705.9
5668.8
5691.1
5702.5
5701.7
5689.7
5705.6
5709
5709.1
5691.2
5650.1
5658.8
5643.2
5649.3
5640.1
5630.5
5644.1
5651.3
5636.5
5657.1
5668.1
5654.2
5645.5
5666
5662.9
5657.9
5668.8
5643
5644.9
5674.9
5697.3
5689.4
5687.1
5674.9
5675.2
5675.4
5693.1
5680.1
5685.4
5691.2
5714.9
5707.6
5678.1
5659.2
5668
5671.1
5670.2
5599.9
5615.3
5625.2
5613.8
5632.1
5636.5
5617.8
5640
5632.8
5585.4
5596.2
5608.1
5590
5576
5613
5619
5653.9
5650.2
5650.3
5656.4
5662.4
5644.4
5635.4
5625.2
5645.4
5630.9
5616.4
5632.1
5621.7
5610.1
5625.9
5665
5653.4
5633.2
5630
5642.3
5644.1
5635
5617
5633.9
5628.5
5626.3
5625.9
5671.8
5704.2
5697.8
5680
5706.3
5704.8
5693
5680
5692.1
5715
5728.2
5715.9
5718
5707.8
5697.8
5705
5702.5
5701.9
5703.3
5706.6
5704.4
5703
5708.8
5693.1
5696.1
5705.9
5699.8
5702
5701.9
5702.9
5712.6
5703.1
5705.2
5703.4
5687.2
5672
5670
5656.9
5650.1
5640.4
5650.2
5653.1
5647.6
5666.6
5665.3
5670.8
5672.9
5673.7
5655.2
5658
5619.3
5625.5
5617.7
5556.5
5562.6
5560.6
5586.9
5579.4
5600
5570.6
5580.1
5544
5528
5530
5516.2
5492.1
5505
5499.9
5510
5500
5475
5461.7
5477.5
5494.9
5477.8
5508.8
5510
5532
5506.2
5515.7
5487.9
5516
5500
5500.7
5511.1
5511.5
5531.7
5532
5531.9
5516.9
5492.4
5483
5499.9
5498.3
5500.3
5509.5
5493.2
5502
5520.1
5508.1
5510.7
5516
5514.8
5482.8
5492.1
5485
5492.3
5492.7
5489.1
5488
5423.5
5437.3
5432
5435
5420.3
5395.8
5416
5394.4
5377.3
5380
5408
5433
5419
5407.7
5418.6
5418.7
5407.7
5395
5384.5
5393.1
5384.9
5375.8
5425
5449
5450
5493.1
5463.7
5476.1
5455.1
5468.5
5461.4
5486.7
5516.1
5541
5540.7
5530.5
5509.9
5511
5519.3
5510.9
5512.1
5512.5
5525.5
5523.8
5518
5500.5
5487.8
5474.4
5481.9
5467.6
5465.1
5472.6
5475.2
5476.2
5510.4
5507.1
5509
5484.1
5466.8
5490.3
5489.6
5507.1
5511.2
5511
5515.1
5532
5527.4
5503
5500.1
5509.2
5517.8
5518.8
5514.7
5529.8
5554
5575.1
5562.4
5577
5570.2
5579.9
5574.2
5560.9
5557.7
5565
5574
5592.5
5597.9
5612
5626.5
5624.1
5627.1
5616
5594
5593.1
5607
5597
5610
5595
5607.1
5595.4
5610
5614.9
5613.8
5602.2
5599.9
5599.2
5602.9
5601.6
5601.9
5598
5603.9
5568.8
5549
5536.4
5526
5537.3
5548
5533.3
5546.1
5535.7
5510
5507.7
5483.9
5490
5475.6
5482.9
5483.5
5509.7
5526.2
5509.4
5477
5455.2
5460.5
5455.1
5444.3
5461.2
5482.3
5463.7
5472.2
5461.7
5470
5496.3
5497
5512
5509.9
5490.1
5485.1
5499.9
5505.7
5522
5522.2
5534.8
5510.7
5519.9
5511.2
5525.9
5531
5528.3
5513.3
5517.7
5523.3
5483.2
5491.4
5493.7
5477.5
5477
5450
5446.8
5440.4
5447.8
5449
5471.3
5451.6
5454.5
5464.6
5442
5456.4
5465
5465.1
5457.4
5494.6
5498.9
5527.9
5532.8
5539.9
5515
5516.2
5515.9
5510
5505.4
5529.9
5532.5
5538.9
5522.4
5490.9
5507.5
5487.8
5503.1
5480
5500
5517.6
5504.6
5510.2
5518.7
5513.5
5519
5547.6
5547.5
5549.9
5559.9
5536.7
5519.3
5536.4
5543.1
5540.8
5540.1
5528.2
5530
5536.7
5534.8
5536.1
5527.2
5539.4
5538
5604.3
5629.4
5620
5666.1
5644.7
5644
5644.9
5658.8
5673.9
5657
5653
5631.9
5643
5664.2
5652.5
5641.6
5656.9
5658.7
5655.1
5693
5689
5693.6
5686
5669.6
5649.2
5665.1
5665.7
5650
5661.3
5653.9
5658.5
5655.4
5621.4
5646
5655.4
5669
5666.9
5665
5690.8
5669.4
5666.5
5679.9
5710.4
5703
5722.6
5711.4
5734.9
5730.5
5731
5724.2
5721.8
5724.9
5709.8
5705.9
5700
5707.6
5701.1
5686
5698.7
5717
5715
5719.8
5714.6
5725
5720
5720
5720.9
5745
5725
5714.3
5719.9
5694.8
5701.7
5680.4
5700.2
5710.4
5709.7
5712.8
5703.2
5709.9
5712.9
5702
5705.8
5709.8
5720
5726.5
5712.1
5717.9
5718
5719.4
5730.6
5748
5762.5
5767.4
5772.9
5759.8
5769
5764.4
5745.8
5749
5755
5738
5727.6
5731
5740
5738.9
5731.1
5739
5729.1
5737.3
5748
5743.1
5749.9
5744.8
5754
5746.9
5746.6
5747.3
5719.4
5713.8
5713.5
5716
5686.4
5697.5
5705.7
5706
5710.9
5708.3
5688.4
5690
5699.9
5719.8
5720
5727.9
5712.4
5699.5
5702.8
5713.1
5718.9
5711.3
5717.9
5709.8
5719.9
5727
5730.2
5723.4
5717
5727.6
5725.3
5720.9
5724
5724.1
5713.2
5710
5708
5709
5702.4
5713
5708.8
5709
5718.8
5722
5720.6
5727.9
5744.6
5746.9
5742.9
5735
5749.5
5751.6
5739
5741.4
5728.4
5726.1
5728.2
5724.2
5723.5
5724
5726.8
5737.5
5745.1
5782.9
5831.1
5831.1
5832.2
5842.7
5839.3
5827.5
5842.9
5842.6
5841.4
5842
5890.7
5885
5925.4
5921.9
5905.9
5925.2
5937.2
5916.6
5908.9
5903.2
5909.9
5935.5
5940
5963.1
5940.1
5947
5925
5923.4
5907.9
5910
5918.1
5909
5876.9
5882.7
5883.9
5904.2
5906
5919
5925.1
5918.3
5919.7
5925.7
5920
5900.5
5910
5924
5906.1
5899.5
5908.5
5909
5915.8
5943.9
5935.5
5939.9
5939.4
5947.2
5926.1
5928.5
5933
5937
5919.1
5925.3
5924.3
5919.5
5928.4
5926.9
5949
5942.5
5940
5940
5914.5
5919.9
5919.4
5940
5934
5932.5
5933.3
5935
5947.4
5950
5946.4
5944.7
5950.2
5941.1
5941.3
5940.1
5940.8
5927.1
5875
5882.9
5857.9
5882.6
5887.4
5872
5840
5852.8
5850
5867.5
5854
5845.8
5866.1
5866.7
5880
5871.9
5872
5882.7
5907.3
5899.1
5879.3
5890.2
5879.6
5867.8
5865
5830.1
5852.9
5859.9
5865
5835.2
5858.9
5832.9
5797
5799.7
5819.8
5821.9
5840.5
5835
5811.6
5825.5
5820.1
5820.8
5791.7
5847.4
5852
5864.1
5879.5
5874.5
5880
5899.9
5883.9
5874.9
5882.9
5878.5
5876.2
5906.7
5899.7
5908.5
5905
5892.9
5897.9
5906.8
5902.7
5899
5882.8
5885
5886.2
5889.7
5883
5882.4
5881.6
5884.8
5900
5899.8
5909.9
5930.6
5970.1
6006
5987.7
5985
5995.9
5985
5974.7
5981.5
5978
5970.3
5958.7
5962.1
5957.5
5950
5951.2
5930
5941.4
5945.3
5939.2
5939.9
5954.1
5957.5
5943.7
5953.5
5942.2
5927.1
5925
5925
5920
5913.9
5918
5921.2
5908.2
5910.1
5910
5921.9
5922.9
5921.5
5927.5
5914.8
5914.6
5914.8
5914.9
5918.9
5926.1
5923.6
5900
5877.1
5885
5879.1
5878.8
5885.4
5848.1
5867.5
5850
5863.5
5865.8
5862.7
5884.3
5812.4
5818
5826.2
5812.7
5828
5794.6
5794
5800.9
5785.7
5822.2
5828.8
5819.1
5817.1
5830.6
5834.3
5834.9
5848.9
5848.1
5852.6
5860.3
5852.2
5841.2
5853.5
5862
5885
5880.9
5876.7
5872.3
5868.4
5879.9
5881.1
5872.2
5864.8
5856.4
5855.3
5869.5
5868.1
5861.7
5870
5886.9
5916.1
5909.4
5899.9
5910
5905.1
5901.9
5902
5900
5890.4
5882.5
5895
5904.7
5894.4
5884.9
5891
5896.1
5883
5869.9
5841.3
5850
5863.9
5841.4
5822.1
5821.5
5837.9
5839.5
5824.2
5837.1
5821.1
5825
5826
5824.9
5840.2
5832
5825
5815.1
5818.2
5814.3
5805
5760
5779.9
5769.9
5750
5768
5773.5
5769.8
5781.2
5758
5740.2
5751
5731.2
5737
5728.5
5716.7
5692
5707.6
5720.6
5740.2
5746.8
5763.8
5748.7
5768.8
5754.3
5748
5736
5736
5770.2
5772.2
5767.6
5766.7
5751.5
5762.5
5772
5742.7
5735.7
5738.9
5746.2
5730.1
5732.9
5758
5763.2
5756
5750
5766
5766
5802.6
5785
5780.1
5788
5780
5758.4
5770.4
5765.7
5766
5764.2
5764.9
5755.5
5752.1
5760.4
5768.6
5763.9
5758
5755.9
5762.9
5763.5
5748.2
5720
5694.7
5700
5701.5
5707.7
5710
5691
5701.9
5693.1
5705
5700.3
5722.8
5717.8
5715
5730.3
5744.1
5740
5727.5
5746.8
5762.9
5769
5763.1
5760.2
5755
5735.1
5744.1
5728.1
5710
5709.3
5730
5721.6
5734.4
5729.9
5746.9
5727.1
5737
5740
5765.4
5769.9
5773.6
5763
5763
5765.2
5769.6
5773.8
5759.8
5749.3
5744.6
5741.3
5754.2
5755.9
5759.9
5761.3
5760.8
5765.4
5757
5747.9
5747.9
5754.9
5753.7
5783.3
5754.1
5740.2
5735
5730
5740.6
5734
5743.3
5746.3
5739.5
5743.1
5744.1
5757.9
5781.2
5818.1
5834.8
5830
5814
5836.9
5830
5841.3
5824.4
5831.5
5832.6
5834.5
5843.9
5851.4
5864
5846.4
5848.7
5854.3
5849
5826.9
5820.9
5819.2
5806.3
5811
5813.3
5823.7
5810.1
5809.8
5800.5
5785
5763.9
5770.9
5763.1
5765
5781.9
5736
5737.4
5725.6
5748
5736.5
5734.8
5748.9
5752.6
5731.3
5746.5
5725
5706.6
5708.9
5715.8
5722
5737
5742.5
5724.9
5726.5
5725.4
5707.6
5719.4
5723.4
5722.5
5722.7
5721.8
5733.5
5736.7
5737.1
5736.7
5746.5
5733.4
5737.6
5749.9
5776
5765
5766.1
5768.4
5760
5753.2
5747.8
5752.9
5748.5
5750
5758
5754.9
5770
5771.9
5777.4
5760.9
5769.9
5764.3
5757
5760.6
5764.9
5769.8
5774
5777.9
5769.9
5770.8
5770.6
5764
5770.7
5764.7
5759.7
5758
5753.8
5740.5
5746.3
5755.9
5766.4
5766.8
5752.9
5758
5761
5760
5757.4
5755
5753.7
5749.5
5744.3
5755
5743.2
5713.8
5712.8
5729
5742.4
5744.9
5740
5740.7
5757.1
5753.5
5746
5744
5739
5719
5711
5672
5658.3
5669
5674.3
5682.1
5657.7
5676.5
5674.6
5673.9
5675.9
5673.8
5670.2
5637.8
5649.9
5647.2
5636.5
5646.6
5667
5685
5679.2
5690
5690
5684.4
5680.1
5667
5683.6
5678.8
5678.7
5677
5684.9
5690
5688.9
5686.6
5698.9
5717.9
5714
5724.9
5715.5
5703.9
5701.7
5701.8
5704.5
5687.1
5675.6
5688.9
5685.8
5689.1
5682.2
5668.1
5673.7
5665
5663.9
5651.9
5662.4
5667
5679.9
5689
5677.7
5677.8
5682.1
5680
5683.1
5703.4
5690.4
5688.2
5680
5690.5
5706.2
5693.1
5690
5696.9
5694.9
5690.1
5679
5699
5691.6
5691.9
5726.4
5720
5729.8
5718
5715.5
5712.2
5719.8
5729.7
5734.9
5732.8
5732
5721.1
5722
5726.7
5712.6
5716.8
5720.2
5729.9
5732.9
5727.8
5745.7
5735.9
5749.9
5760.5
5757.9
5763
5768.2
5764
5758.5
5779
5750.5
5768.6
5761
5763.9
5763
5751.3
5737.7
5724.2
5722.7
5717.7
5712
5727.3
5721.8
5727.8
5732.2
5736.1
5737.9
5730
5698.3
5709.9
5713
5709.7
5718.2
5720
5721.9
5729.8
5720.7
5718.2
5720.7
5742
5743.8
5734
5742.5
5747.9
5748
5738.6
5739.9
5743.5
5740.5
5748.9
5742.9
5746.8
5735.2
5725.5
5725.8
5729.1
5721.5
5704.9
5715.5
5709.5
5708.6
5710.2
5710
5710
5697.6
5693.7
5683
5690.7
5690
5692.1
5691.6
5705.2
5701.7
5700.9
5708.4
5705.6
5707.1
5704
5688.2
5698.9
5689.5
5682
5684.1
5670
5675.8
5678.9
5704.1
5681
5690.5
5692.2
5690.4
5688.8
5686.5
5690
5690
5723
5716.6
5705.6
5700.7
5695
5700
5701.9
5710.9
5706
5711.8
5720
5705.2
5734.7
5769.9
5767.9
5753
5761.3
5750
5751.5
5759.3
5759
5759.9
5759.7
5750
5742.5
5739.9
5742.5
5750
5739.6
5744.5
5750.4
5743.1
5749.6
5760
5767.9
5761.1
5752.2
5753.4
5755.1
5754.1
5755.1
5754.1
5750
5751.1
5754.3
5764.1
5763.9
5793.9
5849.8
5840
5825.1
5826.5
5823.1
5809.9
5817.4
5806.9
5825
5816.4
5830.3
5810
5816.8
5810.6
5807.8
5807
5802
5804.7
5800.2
5792.5
5794.5
5801.9
5798.4
5797.9
5798.1
5795.7
5794.3
5774.4
5764.8
5772.3
5764.9
5778.7
5767.9
5769.1
5768.6
5784.3
5779.4
5765.1
5780.1
5771.1
5771.9
5769
5769.8
5772.9
5778.2
5774.2
5785.4
5799.3
5820
5825.9
5824.6
5821.2
5820.1
5820
5797.6
5790.1
5804
5800
5810
5806
5802.7
5801.9
5802
5804.9
5806
5810.5
5814.6
5814.2
5800.1
5799.5
5763
5760
5768
5760
5767.8
5761
5784
5783.9
5777.9
5780.1
5763.7
5785.5
5787.6
5803
5800
5800.6
5800
5804.4
5797
5791.9
5785.9
5796.8
5810.5
5796.9
5805.5
5819.8
5836.1
5840
5833.3
5829.6
5822.8
5829.8
5930.2
5931.1
6000.1
5988.5
6002.3
5987.5
5993.9
5971
5976.7
5995
5984.3
5977
5993.4
6000.7
5982.2
5975
5980
5996.3
5985.4
5968.6
5977
5976.8
5992.9
5988
5987.2
5979.4
5979.4
5965
5960.9
5962.1
5968.3
5978.3
5984
5988
5971.3
5975.7
5977.6
5980.6
5986
5975.2
5975
5977.8
5979.4
5978.2
6025.1
6018.2
6022.1
6017.5
6090.6
6082
6095.4
6100
6119.9
6148.9
6225.8
6216.1
6310
6277.1
6240.1
6240.1
6222.3
6193.5
6230.6
6215.6
6207.2
6201.1
6170.4
6182.9
6193.4
6185.1
6194.3
6250
6222.5
6205.8
6208
6210.1
6175
6180.7
6184.2
6161.1
6169.4
6156.6
6163
6168.6
6210
6189.9
6174.2
6186.8
6186.6
6198.7
6187.5
6179.6
6184
6198.1
6207.8
6213
6220.2
6210.9
6180
6158.2
6130.1
6148.5
6150
6149.5
6135
6145.7
6143.6
6149
6155.3
6156.3
6135.5
6136
6110.2
6114.9
6123.9
6124.8
6120
6107.6
6114.4
6118.1
6118.2
6148.4
6138.6
6140
6157.6
6139.6
6135.1
6134.9
6130.5
6127.5
6133.5
6122.8
6130
6125.1
6125
6128
6127.1
6127.8
6129.1
6129
6102.8
6150.6
6162
6142.9
6164.1
6163.3
6163.1
6168.9
6172.1
6184.6
6177.4
6185
6184.6
6188.2
6185.1
6167.9
6157.3
6161.1
6160
6169.1
6173.9
6173.7
6173.6
6165.3
6156.8
6155
6170.9
6158.9
6150
6154.4
6141.1
6130.8
6125.1
6143.2
6139
6143
6139.2
6149.9
6150
6151.1
6140
6154.7
6135.3
6142.4
6140
6134
6129.2
6122.6
6112.5
6119.4
6120.1
6129.9
6193.9
6166
6169.1
6150.1
6150
6157.3
6151
6138.5
6155.6
6146.9
6141.1
6140
6137.2
6145.1
6144.6
6152.3
6149.2
6151.1
6165.9
6170.8
6156
6164.3
6174.9
6183.5
6170.9
6185.5
6183.2
6169.5
6171
6179.9
6186.4
6173.9
6185
6187.5
6191.3
6237.9
6223
6231.1
6209.4
6201.8
6227.3
6223.1
6227
6231.1
6215.9
6209.5
6203.4
6181.8
6189.4
6175.1
6159.8
6171.1
6180.1
6165
6150.1
6143.4
6156.2
6131.1
6131.1
6138
6136.6
6126.6
6136.5
6156.4
6154.9
6152.5
6156.9
6154.1
6168.9
6178.5
6169.8
6169.7
6165.2
6175.7
6157.3
6146.9
6155.9
6154.3
6149.4
6128.5
6096.3
6112.9
6087.6
6064.1
6067.9
6062.1
6049.1
6075
6034
6032.3
6059.3
6059.8
6060.3
6071.3
6064.4
6064.4
6060.1
6069
6089
6074.1
6082.6
6044.5
6061.1
6078.9
6064.9
6065
6056.6
6051.9
6070
6059.4
6069.8
6077
6074.5
6073.6
6055.9
6066.4
6074
6070.9
6070
6071.8
6084
6084.8
6082
6111.8
6137.9
6119
6125.1
6125
6137.7
6115.7
6115.9
6113
6116.7
6125.6
6106.9
6115.7
6106.8
6084
6086.1
6078
6080
6096.5
6106.4
6112.1
6096.8
6089.6
6082.1
6075
6082
6088
6088.4
6090
6094.1
6103.1
6097.1
6103.2
6095.5
6102.3
6099.6
6106.3
6106.9
6107.8
6118.9
6116.3
6108.7
6093.4
6104.9
6111
6102.1
6096.9
6101.7
6088
6085
6095.2
6094.7
6109.4
6105.4
6102.7
6101.6
6109.6
6105
6106.7
6106.1
6093.6
6087.2
6119.9
6103
6093.3
6103
6110
6111.5
6113.1
6127.8
6147.1
6133.8
6129.9
6138.6
6139.8
6126
6135.8
6127.1
6133.5
6136
6165
6157.1
6154.1
6149.9
6127
6124.8
6137
6132.5
6136
6137.1
6143.8
6144.5
6147.7
6155.2
6133.1
6140.1
6140.2
6132.8
6134.3
6141.9
6144
6136.9
6135.2
6130
6126.3
6121
6130.4
6126.1
6125.1
6125.9
6135.9
6139
6123.8
6123.9
6124.9
6126.9
6131
6130
6128.7
6133.4
6132.2
6130.2
6131.3
6141.6
6153.5
6154.8
6148.6
6151.8
6150.8
6146.8
6144.8
6148.7
6148.4
6153
6169.9
6172
6166.3
6167.9
6169.2
6160
6155
6163.4
6164.8
6160
6162.1
6156.9
6157.7
6154.6
6144.2
6139.1
6145.4
6146
6150.4
6152.9
6138.2
6105.4
6114.2
6117.7
6118.4
6117.8
6108
6105.3
6110
6106.9
6089.4
6100.8
6091.4
6088
6095
6098.9
6091.7
6095.6
6096
6125.8
6122.5
6121.4
6121.2
6129.9
6124.3
6123.5
6138
6134.2
6133.6
6132.8
6128.9
6133.9
6132.3
6137
6144
6178.9
6164.6
6176.7
6175.2
6164
6162.8
6153.8
6170.4
6169.3
6165.5
6164.8
6160.8
6167
6175.2
6177.5
6176
6189.9
6204.6
6223.2
6220.2
6217.4
6202.2
6206.6
6214.9
6208.9
6231.2
6236.3
6230.7
6219.5
6221.7
6230.9
6229.4
6223.2
6193.8
6203.9
6207.2
6202.8
6204.1
6206.4
6214.3
6210.9
6209
6219.8
6210.5
6230.9
6250
6301.7
6279.5
6291.5
